1)Diagonal Distance case(1) -
cost of traversing by distance=147.61
cost stored at end point=147.61
No. of nodes in path=125
No of nodes visited=3224
start point=(4, 7)
end point=(82, 96)
Nodes in path-
[(4, 7), (4, 8), (4, 9), (4, 10), (3, 11), (4, 12), (4, 13), (4, 14), (4, 15), (4, 16), (4, 17), (5, 18), (6, 19), (7, 20), (8, 21), (8, 22), (9, 23), (10, 24), (11, 25), (11, 26), (12, 27), (13, 27), (14, 28), (15, 29), (16, 30), (17, 31), (18, 32), (19, 33), (20, 33), (21, 33), (22, 32), (23, 31), (24, 31), (25, 31), (26, 30), (27, 30), (28, 31), (28, 32), (28, 33), (28, 34), (28, 35), (29, 36), (30, 37), (31, 37), (32, 37), (33, 38), (33, 39), (33, 40), (33, 41), (34, 42), (35, 42), (36, 43), (37, 43), (38, 43), (39, 43), (40, 44), (41, 45), (42, 46), (43, 47), (44, 48), (45, 49), (46, 50), (47, 51), (48, 52), (49, 53), (50, 54), (51, 55), (52, 55), (53, 56), (54, 57), (55, 57), (56, 57), (57, 57), (58, 57), (59, 57), (60, 58), (61, 59), (62, 60), (63, 60), (64, 61), (65, 62), (66, 63), (67, 63), (68, 64), (69, 65), (70, 65), (71, 65), (72, 66), (73, 67), (74, 67), (75, 67), (76, 67), (77, 67), (78, 68), (78, 69), (78, 70), (78, 71), (78, 72), (78, 73), (77, 74), (78, 75), (79, 76), (80, 76), (81, 76), (82, 76), (83, 77), (83, 78), (83, 79), (83, 80), (83, 81), (84, 82), (84, 83), (83, 84), (83, 85), (83, 86), (83, 87), (83, 88), (82, 89), (82, 90), (82, 91), (82, 92), (82, 93), (82, 94), (82, 95), (82, 96)]
time taken for traversing=0.15947961807250977

1)Diagonal Distance case(2) -
cost of traversing by distance=181.0
cost stored at end point=181.0
No. of nodes in path=182
No of nodes visited=3951
start point=(4, 7)
end point=(82, 96)
Nodes in path-
[(4, 7), (4, 8), (4, 9), (4, 10), (3, 10), (3, 11), (2, 11), (1, 11), (0, 11), (0, 12), (0, 13), (0, 14), (1, 14), (1, 15), (1, 16), (1, 17), (1, 18), (1, 19), (1, 20), (1, 21), (1, 22), (1, 23), (1, 24), (1, 25), (1, 26), (1, 27), (1, 28), (1, 29), (1, 30), (1, 31), (1, 32), (1, 33), (1, 34), (1, 35), (1, 36), (1, 37), (2, 37), (2, 38), (2, 39), (2, 40), (2, 41), (2, 42), (2, 43), (2, 44), (2, 45), (2, 46), (2, 47), (2, 48), (2, 49), (2, 50), (2, 51), (2, 52), (3, 52), (4, 52), (5, 52), (6, 52), (7, 52), (7, 53), (7, 54), (7, 55), (7, 56), (7, 57), (7, 58), (7, 59), (7, 60), (7, 61), (7, 62), (7, 63), (8, 63), (9, 63), (10, 63), (11, 63), (11, 64), (11, 65), (11, 66), (12, 66), (12, 67), (12, 68), (12, 69), (12, 70), (12, 71), (12, 72), (12, 73), (12, 74), (12, 75), (12, 76), (12, 77), (12, 78), (12, 79), (12, 80), (12, 81), (12, 82), (13, 82), (14, 82), (14, 83), (14, 84), (14, 85), (14, 86), (14, 87), (14, 88), (14, 89), (14, 90), (14, 91), (14, 92), (14, 93), (14, 94), (14, 95), (14, 96), (14, 97), (14, 98), (15, 98), (16, 98), (17, 98), (18, 98), (19, 98), (20, 98), (21, 98), (22, 98), (23, 98), (24, 98), (25, 98), (26, 98), (27, 98), (28, 98), (29, 98), (30, 98), (31, 98), (32, 98), (33, 98), (34, 98), (34, 99), (35, 99), (36, 99), (37, 99), (38, 99), (39, 99), (40, 99), (41, 99), (42, 99), (43, 99), (44, 99), (45, 99), (46, 99), (47, 99), (48, 99), (49, 99), (50, 99), (51, 99), (52, 99), (53, 99), (54, 99), (55, 99), (56, 99), (57, 99), (58, 99), (59, 99), (60, 99), (61, 99), (62, 99), (63, 99), (64, 99), (65, 99), (66, 99), (67, 99), (68, 99), (69, 99), (70, 99), (71, 99), (72, 99), (73, 99), (74, 99), (75, 99), (76, 99), (77, 99), (78, 99), (79, 99), (79, 98), (80, 98), (81, 98), (81, 97), (81, 96), (82, 96)]
time taken for traversing=0.13393568992614746

1)Diagonal Distance case(2) -
Using a different cost function
cost of traversing by distance=185.0
cost stored at end point=185
No. of nodes in path=182
No of nodes visited=3711
start point=(4, 7)
end point=(82, 96)
Nodes in path-
[(4, 7), (4, 8), (4, 9), (4, 10), (3, 10), (2, 10), (1, 10), (0, 10), (0, 11), (0, 12), (0, 13), (0, 14), (0, 15), (0, 16), (0, 17), (0, 18), (0, 19), (0, 20), (0, 21), (0, 22), (0, 23), (0, 24), (0, 25), (0, 26), (0, 27), (0, 28), (0, 29), (0, 30), (0, 31), (0, 32), (0, 33), (0, 34), (0, 35), (0, 36), (0, 37), (0, 38), (0, 39), (0, 40), (0, 41), (0, 42), (0, 43), (0, 44), (0, 45), (0, 46), (0, 47), (0, 48), (0, 49), (0, 50), (0, 51), (0, 52), (0, 53), (0, 54), (0, 55), (0, 56), (0, 57), (0, 58), (0, 59), (0, 60), (0, 61), (0, 62), (0, 63), (0, 64), (0, 65), (0, 66), (0, 67), (0, 68), (0, 69), (0, 70), (0, 71), (0, 72), (0, 73), (0, 74), (0, 75), (0, 76), (0, 77), (0, 78), (0, 79), (0, 80), (0, 81), (0, 82), (0, 83), (0, 84), (0, 85), (0, 86), (0, 87), (0, 88), (0, 89), (0, 90), (0, 91), (0, 92), (0, 93), (0, 94), (0, 95), (0, 96), (0, 97), (0, 98), (0, 99), (1, 99), (2, 99), (3, 99), (4, 99), (5, 99), (6, 99), (7, 99), (8, 99), (9, 99), (10, 99), (11, 99), (12, 99), (13, 99), (14, 99), (15, 99), (16, 99), (17, 99), (18, 99), (19, 99), (20, 99), (21, 99), (22, 99), (23, 99), (24, 99), (25, 99), (26, 99), (27, 99), (28, 99), (29, 99), (30, 99), (31, 99), (32, 99), (33, 99), (34, 99), (35, 99), (36, 99), (37, 99), (38, 99), (39, 99), (40, 99), (41, 99), (42, 99), (43, 99), (44, 99), (45, 99), (46, 99), (47, 99), (48, 99), (49, 99), (50, 99), (51, 99), (52, 99), (53, 99), (54, 99), (55, 99), (56, 99), (57, 99), (58, 99), (59, 99), (60, 99), (61, 99), (62, 99), (63, 99), (64, 99), (65, 99), (66, 99), (67, 99), (68, 99), (69, 99), (70, 99), (71, 99), (72, 99), (73, 99), (74, 99), (75, 99), (76, 99), (77, 99), (78, 99), (79, 99), (80, 99), (81, 99), (82, 99), (82, 98), (82, 97), (82, 96)]
time taken for traversing=0.14238619804382324

2)Dijkstra case(1) -
cost of traversing by distance=147.61
cost stored at end point=147.61
No. of nodes in path=125
No of nodes visited=5637
start point=(4, 7)
end point=(82, 96)
Nodes in path-
[(4, 7), (4, 8), (4, 9), (4, 10), (3, 11), (4, 12), (4, 13), (4, 14), (4, 15), (4, 16), (4, 17), (5, 18), (6, 19), (7, 20), (8, 21), (8, 22), (8, 23), (9, 24), (10, 25), (11, 26), (12, 27), (13, 27), (14, 28), (15, 29), (16, 30), (17, 31), (18, 32), (19, 33), (20, 33), (21, 33), (22, 32), (23, 31), (24, 31), (25, 31), (26, 30), (27, 30), (28, 31), (28, 32), (28, 33), (28, 34), (28, 35), (29, 36), (30, 36), (31, 36), (32, 37), (33, 38), (33, 39), (33, 40), (33, 41), (34, 42), (35, 42), (36, 42), (37, 42), (38, 42), (39, 42), (40, 42), (41, 43), (42, 44), (43, 45), (44, 46), (45, 47), (46, 47), (47, 48), (48, 49), (49, 50), (50, 51), (51, 52), (52, 53), (53, 53), (54, 53), (55, 54), (56, 55), (57, 56), (58, 56), (59, 56), (60, 57), (61, 58), (62, 59), (63, 60), (64, 61), (65, 61), (66, 61), (67, 62), (68, 62), (69, 62), (70, 62), (71, 63), (72, 63), (73, 64), (74, 65), (75, 65), (76, 66), (77, 67), (78, 68), (78, 69), (78, 70), (78, 71), (78, 72), (78, 73), (77, 74), (78, 75), (79, 75), (80, 76), (81, 76), (82, 76), (83, 77), (83, 78), (83, 79), (83, 80), (83, 81), (84, 82), (84, 83), (83, 84), (83, 85), (83, 86), (83, 87), (83, 88), (82, 89), (82, 90), (82, 91), (82, 92), (82, 93), (82, 94), (82, 95), (82, 96)]
time taken for traversing=0.285541296005249

2)Dijkstra case(2) -
cost of traversing by distance=181.0
cost stored at end point=181.0
No. of nodes in path=182
No of nodes visited=5176
start point=(4, 7)
end point=(82, 96)
Nodes in path-
[(4, 7), (3, 7), (3, 8), (3, 9), (3, 10), (3, 11), (2, 11), (1, 11), (0, 11), (0, 12), (0, 13), (1, 13), (1, 14), (1, 15), (1, 16), (1, 17), (1, 18), (1, 19), (1, 20), (1, 21), (1, 22), (1, 23), (1, 24), (1, 25), (1, 26), (1, 27), (1, 28), (1, 29), (1, 30), (1, 31), (1, 32), (1, 33), (1, 34), (1, 35), (1, 36), (1, 37), (1, 38), (1, 39), (1, 40), (1, 41), (1, 42), (1, 43), (1, 44), (2, 44), (2, 45), (2, 46), (2, 47), (2, 48), (2, 49), (2, 50), (2, 51), (2, 52), (3, 52), (4, 52), (5, 52), (5, 53), (5, 54), (6, 54), (7, 54), (7, 55), (7, 56), (7, 57), (7, 58), (7, 59), (7, 60), (7, 61), (7, 62), (7, 63), (7, 64), (8, 64), (9, 64), (10, 64), (10, 65), (11, 65), (11, 66), (11, 67), (11, 68), (11, 69), (12, 69), (12, 70), (12, 71), (12, 72), (12, 73), (12, 74), (12, 75), (12, 76), (12, 77), (12, 78), (12, 79), (12, 80), (12, 81), (12, 82), (12, 83), (12, 84), (12, 85), (13, 85), (13, 86), (13, 87), (13, 88), (13, 89), (13, 90), (14, 90), (14, 91), (14, 92), (14, 93), (14, 94), (14, 95), (14, 96), (14, 97), (14, 98), (15, 98), (15, 99), (16, 99), (17, 99), (18, 99), (19, 99), (20, 99), (21, 99), (22, 99), (23, 99), (24, 99), (25, 99), (26, 99), (27, 99), (28, 99), (29, 99), (30, 99), (31, 99), (32, 99), (33, 99), (34, 99), (35, 99), (36, 99), (37, 99), (38, 99), (39, 99), (40, 99), (41, 99), (42, 99), (43, 99), (44, 99), (45, 99), (46, 99), (47, 99), (48, 99), (49, 99), (50, 99), (51, 99), (52, 99), (53, 99), (54, 99), (55, 99), (56, 99), (57, 99), (58, 99), (59, 99), (60, 99), (61, 99), (62, 99), (63, 99), (64, 99), (65, 99), (66, 99), (67, 99), (68, 99), (69, 99), (70, 99), (71, 99), (72, 99), (73, 99), (74, 99), (75, 99), (76, 99), (77, 99), (78, 99), (79, 99), (80, 99), (80, 98), (81, 98), (82, 98), (82, 97), (82, 96)]
time taken for traversing=0.16654157638549805

2)Dijkstra case(2) -
Using a different cost function
cost of traversing by distance=184.0
cost stored at end point=184
No. of nodes in path=182
No of nodes visited=4718
start point=(4, 7)
end point=(82, 96)
Nodes in path-
[(4, 7), (3, 7), (2, 7), (1, 7), (0, 7), (0, 8), (0, 9), (0, 10), (0, 11), (0, 12), (0, 13), (0, 14), (0, 15), (0, 16), (0, 17), (0, 18), (0, 19), (0, 20), (0, 21), (0, 22), (0, 23), (0, 24), (0, 25), (0, 26), (0, 27), (0, 28), (0, 29), (0, 30), (0, 31), (0, 32), (0, 33), (0, 34), (0, 35), (0, 36), (0, 37), (0, 38), (0, 39), (0, 40), (0, 41), (0, 42), (0, 43), (0, 44), (0, 45), (0, 46), (0, 47), (0, 48), (0, 49), (0, 50), (0, 51), (0, 52), (0, 53), (0, 54), (0, 55), (0, 56), (0, 57), (0, 58), (0, 59), (0, 60), (0, 61), (0, 62), (0, 63), (0, 64), (0, 65), (0, 66), (0, 67), (0, 68), (0, 69), (0, 70), (0, 71), (0, 72), (0, 73), (0, 74), (0, 75), (0, 76), (0, 77), (0, 78), (0, 79), (0, 80), (0, 81), (0, 82), (0, 83), (0, 84), (0, 85), (0, 86), (0, 87), (0, 88), (0, 89), (0, 90), (0, 91), (0, 92), (0, 93), (0, 94), (0, 95), (0, 96), (0, 97), (0, 98), (0, 99), (1, 99), (2, 99), (3, 99), (4, 99), (5, 99), (6, 99), (7, 99), (8, 99), (9, 99), (10, 99), (11, 99), (12, 99), (13, 99), (14, 99), (15, 99), (16, 99), (17, 99), (18, 99), (19, 99), (20, 99), (21, 99), (22, 99), (23, 99), (24, 99), (25, 99), (26, 99), (27, 99), (28, 99), (29, 99), (30, 99), (31, 99), (32, 99), (33, 99), (34, 99), (35, 99), (36, 99), (37, 99), (38, 99), (39, 99), (40, 99), (41, 99), (42, 99), (43, 99), (44, 99), (45, 99), (46, 99), (47, 99), (48, 99), (49, 99), (50, 99), (51, 99), (52, 99), (53, 99), (54, 99), (55, 99), (56, 99), (57, 99), (58, 99), (59, 99), (60, 99), (61, 99), (62, 99), (63, 99), (64, 99), (65, 99), (66, 99), (67, 99), (68, 99), (69, 99), (70, 99), (71, 99), (72, 99), (73, 99), (74, 99), (75, 99), (76, 99), (77, 99), (78, 99), (79, 99), (80, 99), (81, 99), (82, 99), (82, 98), (82, 97), (82, 96)]
time taken for traversing=0.15734076499938965

3)Euclidean case(1) -
cost of traversing by distance=147.61
cost stored at end point=147.61
No. of nodes in path=125
No of nodes visited=2797
start point=(4, 7)
end point=(82, 96)
Nodes in path-
[(4, 7), (4, 8), (4, 9), (4, 10), (3, 11), (4, 12), (5, 13), (5, 14), (5, 15), (5, 16), (6, 17), (7, 18), (8, 19), (8, 20), (8, 21), (9, 22), (10, 23), (10, 24), (11, 25), (11, 26), (12, 27), (13, 28), (14, 29), (15, 30), (16, 30), (17, 31), (18, 32), (19, 33), (20, 33), (21, 33), (22, 32), (23, 31), (24, 31), (25, 31), (26, 30), (27, 30), (28, 31), (28, 32), (28, 33), (28, 34), (28, 35), (29, 36), (30, 37), (31, 37), (32, 37), (33, 38), (33, 39), (33, 40), (33, 41), (34, 42), (35, 43), (36, 43), (37, 43), (38, 43), (39, 43), (40, 44), (41, 45), (42, 46), (43, 47), (44, 48), (45, 49), (46, 50), (47, 51), (48, 52), (49, 53), (50, 54), (51, 55), (52, 55), (53, 56), (54, 57), (55, 57), (56, 57), (57, 57), (58, 57), (59, 57), (60, 58), (61, 59), (62, 60), (63, 60), (64, 61), (65, 62), (66, 63), (67, 63), (68, 64), (69, 65), (70, 65), (71, 65), (72, 66), (73, 67), (74, 67), (75, 67), (76, 67), (77, 67), (78, 68), (78, 69), (78, 70), (78, 71), (78, 72), (78, 73), (77, 74), (78, 75), (79, 76), (80, 76), (81, 76), (82, 76), (83, 77), (83, 78), (83, 79), (83, 80), (83, 81), (84, 82), (84, 83), (83, 84), (83, 85), (83, 86), (83, 87), (83, 88), (82, 89), (82, 90), (82, 91), (82, 92), (82, 93), (82, 94), (82, 95), (82, 96)]
time taken for traversing=0.14935970306396484

3)Euclidean case(2) -
cost of traversing by distance=181.0
cost stored at end point=181.0
No. of nodes in path=182
No of nodes visited=3893
start point=(4, 7)
end point=(82, 96)
Nodes in path-
[(4, 7), (4, 8), (4, 9), (4, 10), (3, 10), (3, 11), (2, 11), (1, 11), (0, 11), (0, 12), (0, 13), (0, 14), (0, 15), (1, 15), (1, 16), (1, 17), (1, 18), (1, 19), (1, 20), (1, 21), (1, 22), (1, 23), (1, 24), (1, 25), (1, 26), (1, 27), (1, 28), (1, 29), (1, 30), (1, 31), (1, 32), (1, 33), (1, 34), (1, 35), (1, 36), (1, 37), (2, 37), (2, 38), (2, 39), (2, 40), (2, 41), (2, 42), (2, 43), (2, 44), (2, 45), (2, 46), (2, 47), (2, 48), (2, 49), (2, 50), (2, 51), (2, 52), (3, 52), (4, 52), (5, 52), (6, 52), (7, 52), (7, 53), (7, 54), (7, 55), (7, 56), (7, 57), (7, 58), (7, 59), (7, 60), (7, 61), (7, 62), (7, 63), (8, 63), (9, 63), (10, 63), (11, 63), (11, 64), (11, 65), (11, 66), (12, 66), (12, 67), (12, 68), (12, 69), (12, 70), (12, 71), (12, 72), (12, 73), (12, 74), (12, 75), (12, 76), (12, 77), (12, 78), (12, 79), (12, 80), (12, 81), (12, 82), (13, 82), (14, 82), (14, 83), (14, 84), (14, 85), (14, 86), (14, 87), (14, 88), (14, 89), (14, 90), (14, 91), (14, 92), (14, 93), (14, 94), (14, 95), (14, 96), (14, 97), (14, 98), (15, 98), (16, 98), (17, 98), (18, 98), (19, 98), (20, 98), (21, 98), (22, 98), (23, 98), (24, 98), (25, 98), (26, 98), (27, 98), (28, 98), (29, 98), (30, 98), (31, 98), (32, 98), (33, 98), (34, 98), (34, 99), (35, 99), (36, 99), (37, 99), (38, 99), (39, 99), (40, 99), (41, 99), (42, 99), (43, 99), (44, 99), (45, 99), (46, 99), (47, 99), (48, 99), (49, 99), (50, 99), (51, 99), (52, 99), (53, 99), (54, 99), (55, 99), (56, 99), (57, 99), (58, 99), (59, 99), (60, 99), (61, 99), (62, 99), (63, 99), (64, 99), (65, 99), (66, 99), (67, 99), (68, 99), (69, 99), (70, 99), (71, 99), (72, 99), (73, 99), (74, 99), (75, 99), (76, 99), (77, 99), (78, 99), (79, 99), (80, 99), (80, 98), (81, 98), (81, 97), (81, 96), (82, 96)]
time taken for traversing=0.13220620155334473

3)Euclidean case(2) -
Using a different cost function
cost of traversing by distance=185.0
cost stored at end point=185.0
No. of nodes in path=182
No of nodes visited=3573
start point=(4, 7)
end point=(82, 96)
Nodes in path-
[(4, 7), (4, 8), (4, 9), (4, 10), (3, 10), (2, 10), (1, 10), (0, 10), (0, 11), (0, 12), (0, 13), (0, 14), (0, 15), (0, 16), (0, 17), (0, 18), (0, 19), (0, 20), (0, 21), (0, 22), (0, 23), (0, 24), (0, 25), (0, 26), (0, 27), (0, 28), (0, 29), (0, 30), (0, 31), (0, 32), (0, 33), (0, 34), (0, 35), (0, 36), (0, 37), (0, 38), (0, 39), (0, 40), (0, 41), (0, 42), (0, 43), (0, 44), (0, 45), (0, 46), (0, 47), (0, 48), (0, 49), (0, 50), (0, 51), (0, 52), (0, 53), (0, 54), (0, 55), (0, 56), (0, 57), (0, 58), (0, 59), (0, 60), (0, 61), (0, 62), (0, 63), (0, 64), (0, 65), (0, 66), (0, 67), (0, 68), (0, 69), (0, 70), (0, 71), (0, 72), (0, 73), (0, 74), (0, 75), (0, 76), (0, 77), (0, 78), (0, 79), (0, 80), (0, 81), (0, 82), (0, 83), (0, 84), (0, 85), (0, 86), (0, 87), (0, 88), (0, 89), (0, 90), (0, 91), (0, 92), (0, 93), (0, 94), (0, 95), (0, 96), (0, 97), (0, 98), (0, 99), (1, 99), (2, 99), (3, 99), (4, 99), (5, 99), (6, 99), (7, 99), (8, 99), (9, 99), (10, 99), (11, 99), (12, 99), (13, 99), (14, 99), (15, 99), (16, 99), (17, 99), (18, 99), (19, 99), (20, 99), (21, 99), (22, 99), (23, 99), (24, 99), (25, 99), (26, 99), (27, 99), (28, 99), (29, 99), (30, 99), (31, 99), (32, 99), (33, 99), (34, 99), (35, 99), (36, 99), (37, 99), (38, 99), (39, 99), (40, 99), (41, 99), (42, 99), (43, 99), (44, 99), (45, 99), (46, 99), (47, 99), (48, 99), (49, 99), (50, 99), (51, 99), (52, 99), (53, 99), (54, 99), (55, 99), (56, 99), (57, 99), (58, 99), (59, 99), (60, 99), (61, 99), (62, 99), (63, 99), (64, 99), (65, 99), (66, 99), (67, 99), (68, 99), (69, 99), (70, 99), (71, 99), (72, 99), (73, 99), (74, 99), (75, 99), (76, 99), (77, 99), (78, 99), (79, 99), (80, 99), (81, 99), (82, 99), (82, 98), (82, 97), (82, 96)]
time taken for traversing=0.13125991821289062

4)H1 case(1) -
cost of traversing by distance=162.92
cost stored at end point=152.92
No. of nodes in path=137
No of nodes visited=1325
start point=(4, 7)
end point=(82, 96)
Nodes in path-
[(4, 7), (4, 8), (4, 9), (4, 10), (3, 11), (4, 12), (5, 13), (5, 14), (5, 15), (5, 16), (6, 17), (7, 18), (8, 19), (8, 20), (8, 21), (9, 22), (10, 23), (11, 24), (11, 25), (11, 26), (12, 27), (13, 27), (14, 28), (15, 29), (16, 30), (17, 31), (18, 32), (19, 33), (20, 32), (21, 31), (22, 31), (23, 31), (24, 31), (25, 31), (26, 30), (27, 30), (28, 31), (28, 32), (28, 33), (28, 34), (28, 35), (29, 36), (30, 37), (31, 37), (32, 37), (33, 38), (33, 39), (33, 40), (33, 41), (34, 42), (35, 42), (36, 43), (37, 43), (38, 43), (39, 43), (40, 44), (41, 45), (42, 46), (43, 47), (44, 48), (45, 49), (46, 50), (47, 51), (48, 52), (49, 53), (50, 54), (51, 55), (52, 55), (53, 56), (54, 57), (55, 57), (56, 57), (57, 57), (58, 57), (59, 57), (60, 58), (60, 59), (60, 60), (60, 61), (60, 62), (60, 63), (61, 64), (62, 65), (63, 66), (64, 67), (65, 67), (66, 67), (67, 67), (68, 68), (68, 69), (67, 70), (66, 71), (66, 72), (66, 73), (66, 74), (67, 75), (68, 76), (68, 77), (68, 78), (68, 79), (67, 80), (66, 80), (65, 80), (64, 81), (63, 81), (62, 82), (61, 83), (61, 84), (62, 85), (63, 85), (64, 85), (65, 86), (66, 87), (66, 88), (67, 89), (68, 89), (69, 90), (69, 91), (70, 92), (71, 92), (72, 92), (73, 92), (74, 92), (75, 92), (76, 91), (76, 90), (76, 89), (77, 88), (78, 88), (79, 89), (79, 90), (79, 91), (79, 92), (79, 93), (80, 94), (81, 95), (82, 96)]
time taken for traversing=0.14974117279052734

4)H1 case(2) -
cost of traversing by distance=191.0
cost stored at end point=181.0
No. of nodes in path=192
No of nodes visited=1334
start point=(4, 7)
end point=(82, 96)
Nodes in path-
[(4, 7), (4, 8), (5, 8), (5, 9), (6, 9), (6, 10), (7, 10), (7, 11), (8, 11), (9, 11), (9, 10), (9, 9), (9, 8), (10, 8), (11, 8), (12, 8), (13, 8), (14, 8), (15, 8), (16, 8), (17, 8), (18, 8), (18, 9), (18, 10), (18, 11), (18, 12), (18, 13), (18, 14), (18, 15), (18, 16), (18, 17), (19, 17), (20, 17), (21, 17), (21, 18), (21, 19), (21, 20), (21, 21), (21, 22), (21, 23), (21, 24), (22, 24), (23, 24), (24, 24), (25, 24), (26, 24), (26, 25), (26, 26), (26, 27), (26, 28), (26, 29), (26, 30), (27, 30), (28, 30), (28, 31), (28, 32), (28, 33), (28, 34), (28, 35), (28, 36), (29, 36), (30, 36), (30, 37), (31, 37), (32, 37), (33, 37), (33, 38), (33, 39), (33, 40), (33, 41), (33, 42), (34, 42), (35, 42), (35, 43), (36, 43), (36, 44), (37, 44), (37, 45), (38, 45), (38, 46), (39, 46), (39, 47), (39, 48), (40, 48), (40, 49), (41, 49), (41, 50), (42, 50), (42, 51), (43, 51), (44, 51), (44, 52), (45, 52), (46, 52), (47, 52), (47, 53), (48, 53), (49, 53), (49, 54), (50, 54), (51, 54), (51, 55), (52, 55), (53, 55), (53, 56), (53, 57), (54, 57), (55, 57), (56, 57), (57, 57), (58, 57), (59, 57), (60, 57), (60, 58), (60, 59), (60, 60), (60, 61), (60, 62), (60, 63), (60, 64), (60, 65), (60, 66), (60, 67), (61, 67), (62, 67), (63, 67), (64, 67), (65, 67), (66, 67), (67, 67), (68, 67), (68, 68), (68, 69), (68, 70), (67, 70), (66, 70), (66, 71), (66, 72), (66, 73), (66, 74), (66, 75), (67, 75), (68, 75), (68, 76), (68, 77), (68, 78), (68, 79), (68, 80), (68, 81), (68, 82), (67, 82), (66, 82), (65, 82), (64, 82), (63, 82), (62, 82), (61, 82), (61, 83), (61, 84), (61, 85), (62, 85), (63, 85), (64, 85), (65, 85), (66, 85), (66, 86), (66, 87), (66, 88), (66, 89), (67, 89), (68, 89), (69, 89), (69, 90), (69, 91), (69, 92), (70, 92), (71, 92), (72, 92), (73, 92), (74, 92), (75, 92), (76, 92), (76, 93), (76, 94), (76, 95), (76, 96), (77, 96), (78, 96), (79, 96), (80, 96), (81, 96), (82, 96)]
time taken for traversing=0.09347963333129883


4)H1 case(2) -
Using a different cost function
cost of traversing by distance=224.0
cost stored at end point=214
No. of nodes in path=192
No of nodes visited=1337
start point=(4, 7)
end point=(82, 96)
Nodes in path-
[(4, 7), (4, 8), (4, 9), (4, 10), (5, 10), (6, 10), (7, 10), (7, 11), (8, 11), (9, 11), (10, 11), (11, 11), (11, 10), (11, 9), (11, 8), (12, 8), (13, 8), (14, 8), (15, 8), (16, 8), (17, 8), (18, 8), (18, 9), (18, 10), (18, 11), (18, 12), (18, 13), (18, 14), (18, 15), (18, 16), (18, 17), (19, 17), (20, 17), (21, 17), (21, 18), (21, 19), (21, 20), (21, 21), (21, 22), (21, 23), (21, 24), (22, 24), (23, 24), (24, 24), (25, 24), (26, 24), (27, 24), (28, 24), (28, 25), (28, 26), (28, 27), (28, 28), (28, 29), (28, 30), (28, 31), (28, 32), (28, 33), (28, 34), (28, 35), (28, 36), (28, 37), (29, 37), (30, 37), (31, 37), (32, 37), (33, 37), (33, 38), (33, 39), (33, 40), (33, 41), (33, 42), (33, 43), (33, 44), (33, 45), (33, 46), (33, 47), (33, 48), (34, 48), (35, 48), (36, 48), (37, 48), (38, 48), (39, 48), (40, 48), (41, 48), (42, 48), (43, 48), (44, 48), (45, 48), (46, 48), (47, 48), (48, 48), (49, 48), (50, 48), (51, 48), (51, 49), (51, 50), (51, 51), (51, 52), (51, 53), (51, 54), (51, 55), (52, 55), (53, 55), (54, 55), (55, 55), (56, 55), (56, 56), (56, 57), (57, 57), (58, 57), (59, 57), (60, 57), (60, 58), (60, 59), (60, 60), (60, 61), (60, 62), (60, 63), (60, 64), (60, 65), (60, 66), (60, 67), (61, 67), (62, 67), (63, 67), (64, 67), (65, 67), (66, 67), (67, 67), (68, 67), (68, 68), (68, 69), (68, 70), (68, 71), (67, 71), (66, 71), (66, 72), (66, 73), (66, 74), (66, 75), (67, 75), (68, 75), (68, 76), (68, 77), (68, 78), (68, 79), (68, 80), (68, 81), (68, 82), (67, 82), (66, 82), (65, 82), (64, 82), (63, 82), (62, 82), (61, 82), (61, 83), (61, 84), (61, 85), (62, 85), (63, 85), (64, 85), (65, 85), (66, 85), (66, 86), (66, 87), (66, 88), (66, 89), (67, 89), (68, 89), (69, 89), (69, 90), (69, 91), (69, 92), (70, 92), (71, 92), (72, 92), (73, 92), (74, 92), (75, 92), (76, 92), (76, 93), (76, 94), (76, 95), (76, 96), (77, 96), (78, 96), (79, 96), (80, 96), (81, 96), (82, 96)]
time taken for traversing=0.24795246124267578

5)Manhattan case(1) -
cost of traversing by distance=147.61
cost stored at end point=147.61
No. of nodes in path=125
No of nodes visited=511
start point=(4, 7)
end point=(82, 96)
Nodes in path-
[(4, 7), (5, 8), (6, 9), (6, 10), (6, 11), (6, 12), (6, 13), (5, 14), (5, 15), (5, 16), (6, 17), (7, 18), (8, 19), (8, 20), (8, 21), (9, 22), (10, 23), (11, 24), (11, 25), (11, 26), (12, 27), (13, 28), (14, 29), (15, 30), (16, 30), (17, 31), (18, 32), (19, 33), (20, 33), (21, 33), (22, 32), (23, 31), (24, 31), (25, 31), (26, 30), (27, 30), (28, 31), (28, 32), (28, 33), (28, 34), (28, 35), (29, 36), (30, 37), (31, 37), (32, 37), (33, 38), (33, 39), (33, 40), (33, 41), (34, 42), (35, 43), (36, 44), (37, 45), (38, 46), (39, 47), (40, 48), (41, 49), (42, 50), (43, 51), (44, 52), (45, 52), (46, 52), (47, 53), (48, 53), (49, 54), (50, 54), (51, 55), (52, 55), (53, 56), (54, 57), (55, 57), (56, 57), (57, 57), (58, 57), (59, 57), (60, 58), (61, 59), (62, 60), (63, 60), (64, 61), (65, 62), (66, 63), (67, 63), (68, 64), (69, 65), (70, 65), (71, 65), (72, 66), (73, 67), (74, 67), (75, 67), (76, 67), (77, 67), (78, 68), (78, 69), (78, 70), (78, 71), (78, 72), (78, 73), (77, 74), (78, 75), (79, 76), (80, 76), (81, 76), (82, 76), (83, 77), (83, 78), (83, 79), (83, 80), (83, 81), (84, 82), (84, 83), (83, 84), (82, 85), (82, 86), (82, 87), (82, 88), (82, 89), (82, 90), (82, 91), (82, 92), (82, 93), (82, 94), (82, 95), (82, 96)]
time taken for traversing=0.019778013229370117

5)Manhattan case(2) -
cost of traversing by distance=181.0
cost stored at end point=181.0
No. of nodes in path=182
No of nodes visited=2907
start point=(4, 7)
end point=(82, 96)
Nodes in path-
[(4, 7), (4, 8), (4, 9), (4, 10), (3, 10), (3, 11), (2, 11), (1, 11), (0, 11), (0, 12), (0, 13), (0, 14), (0, 15), (0, 16), (0, 17), (0, 18), (0, 19), (0, 20), (0, 21), (0, 22), (0, 23), (0, 24), (0, 25), (0, 26), (0, 27), (0, 28), (0, 29), (0, 30), (0, 31), (0, 32), (0, 33), (0, 34), (0, 35), (0, 36), (0, 37), (0, 38), (0, 39), (0, 40), (0, 41), (0, 42), (0, 43), (0, 44), (0, 45), (0, 46), (0, 47), (0, 48), (0, 49), (0, 50), (0, 51), (0, 52), (0, 53), (0, 54), (0, 55), (0, 56), (0, 57), (0, 58), (0, 59), (0, 60), (0, 61), (0, 62), (0, 63), (0, 64), (0, 65), (0, 66), (0, 67), (0, 68), (0, 69), (0, 70), (0, 71), (0, 72), (0, 73), (0, 74), (0, 75), (0, 76), (0, 77), (0, 78), (0, 79), (0, 80), (0, 81), (0, 82), (0, 83), (0, 84), (0, 85), (0, 86), (0, 87), (0, 88), (0, 89), (0, 90), (1, 90), (1, 91), (2, 91), (3, 91), (4, 91), (4, 92), (5, 92), (5, 93), (6, 93), (7, 93), (8, 93), (9, 93), (10, 93), (11, 93), (11, 94), (11, 95), (11, 96), (12, 96), (13, 96), (14, 96), (14, 97), (14, 98), (15, 98), (16, 98), (17, 98), (18, 98), (19, 98), (20, 98), (21, 98), (22, 98), (23, 98), (24, 98), (25, 98), (26, 98), (27, 98), (28, 98), (29, 98), (30, 98), (31, 98), (32, 98), (33, 98), (33, 99), (34, 99), (35, 99), (36, 99), (37, 99), (38, 99), (39, 99), (40, 99), (41, 99), (42, 99), (43, 99), (44, 99), (45, 99), (46, 99), (47, 99), (48, 99), (49, 99), (50, 99), (51, 99), (52, 99), (53, 99), (54, 99), (55, 99), (56, 99), (57, 99), (58, 99), (59, 99), (60, 99), (61, 99), (62, 99), (63, 99), (64, 99), (65, 99), (66, 99), (67, 99), (68, 99), (69, 99), (70, 99), (71, 99), (72, 99), (73, 99), (74, 99), (75, 99), (76, 99), (77, 99), (78, 99), (78, 98), (79, 98), (79, 97), (79, 96), (80, 96), (81, 96), (82, 96)]
time taken for traversing=0.10245132446289062

5)Manhattan case(2) -
Using a different cost function
cost of traversing by distance=185.0
cost stored at end point=185
No. of nodes in path=182
No of nodes visited=2677
start point=(4, 7)
end point=(82, 96)
Nodes in path-
[(4, 7), (4, 8), (4, 9), (4, 10), (3, 10), (2, 10), (1, 10), (0, 10), (0, 11), (0, 12), (0, 13), (0, 14), (0, 15), (0, 16), (0, 17), (0, 18), (0, 19), (0, 20), (0, 21), (0, 22), (0, 23), (0, 24), (0, 25), (0, 26), (0, 27), (0, 28), (0, 29), (0, 30), (0, 31), (0, 32), (0, 33), (0, 34), (0, 35), (0, 36), (0, 37), (0, 38), (0, 39), (0, 40), (0, 41), (0, 42), (0, 43), (0, 44), (0, 45), (0, 46), (0, 47), (0, 48), (0, 49), (0, 50), (0, 51), (0, 52), (0, 53), (0, 54), (0, 55), (0, 56), (0, 57), (0, 58), (0, 59), (0, 60), (0, 61), (0, 62), (0, 63), (0, 64), (0, 65), (0, 66), (0, 67), (0, 68), (0, 69), (0, 70), (0, 71), (0, 72), (0, 73), (0, 74), (0, 75), (0, 76), (0, 77), (0, 78), (0, 79), (0, 80), (0, 81), (0, 82), (0, 83), (0, 84), (0, 85), (0, 86), (0, 87), (0, 88), (0, 89), (0, 90), (0, 91), (0, 92), (0, 93), (0, 94), (0, 95), (0, 96), (0, 97), (0, 98), (0, 99), (1, 99), (2, 99), (3, 99), (4, 99), (5, 99), (6, 99), (7, 99), (8, 99), (9, 99), (10, 99), (11, 99), (12, 99), (13, 99), (14, 99), (15, 99), (16, 99), (17, 99), (18, 99), (19, 99), (20, 99), (21, 99), (22, 99), (23, 99), (24, 99), (25, 99), (26, 99), (27, 99), (28, 99), (29, 99), (30, 99), (31, 99), (32, 99), (33, 99), (34, 99), (35, 99), (36, 99), (37, 99), (38, 99), (39, 99), (40, 99), (41, 99), (42, 99), (43, 99), (44, 99), (45, 99), (46, 99), (47, 99), (48, 99), (49, 99), (50, 99), (51, 99), (52, 99), (53, 99), (54, 99), (55, 99), (56, 99), (57, 99), (58, 99), (59, 99), (60, 99), (61, 99), (62, 99), (63, 99), (64, 99), (65, 99), (66, 99), (67, 99), (68, 99), (69, 99), (70, 99), (71, 99), (72, 99), (73, 99), (74, 99), (75, 99), (76, 99), (77, 99), (78, 99), (79, 99), (80, 99), (81, 99), (82, 99), (82, 98), (82, 97), (82, 96)]
time taken for traversing=0.10645580291748047
